1919219
1916473
1909538
1894219
1894210
1887903
1844849
1841795
1819786
1811700
1811012
1788160
1761405
1728442
1724477
1696757
1647095
1591178
1920044
1919786
1918799
1914569
1919221
1920034
1920029
1919944
1919895
1919862
1919840
1918463
1919785
1919699
1919639
1919588
1919584
1914158
1918056
1919301
1914010
1919165
1918571
1918570
1918564
1918561
1918560
1918445
1919089
1919054
1918163
1919029
1919012
1913823
1918902
1918831
1918776
1917541
1917046
1918516
1918444
1918436
1918424
1918418
1917531
1918372
1918130
1663367
1755809
1916616
1811109
1916563
1866133
1914155
1918064
1634436
1732197
1885154
1889546
1913943
1877380
1882762
1916309
1629110
1911664
1905163
1893798
1860312
1896196
1913269
1831741
1889348
1912812
1893774
1899058
1659334
1914438
1862387
1860586
1906820
1860002
1918224
1807508
1918179
1918161
1658850
1881081
1909702
1891666
1825969
1838224
1900472
1914841
1865347
1865355
1916562
1857326
1902949
1889691
1889733
1710886
1873960
1848196
1681505
1754082
1903563
1906166
1914891
1821295
1835504
1918044
1914516
1904886
1825870
1916823
1897694
1908445
1915094
1911596
1914006
1830765
1874246
1855162
1915924
1866993
1915537
1917928
1917926
1905247
1885639
1908384
1837212
1887927
1887921
1915404
1917783
1917621
1917550
1917530
1917486
1917315
1917255
1917226
1914591
1916701
1916979
1916948
1916929
1916767
1916752
1914152
1914258
1915567
1916375
1915411
1913800
1916239
1916225
1916131
1914046
1914908
1916017
1915956
1915542
1915536
1915629
1915578
1915465
1915459
1915402
1914190
1915287
1915283
1912385
1914491
1914991
1914966
1912290
1912316
1914715
1914681
1914496
1913710
1914419
1910098
1912673
1910453
1911657
1910309
1913413
1913840
1911176
1911531
1914127
1914126
1912592
1914084
1914080
1914079
1914069
1914068
1914056
1914029
1909383
1914000
1913995
1909434
1913935
1913924
1913907
1912418
1909747
1913822
1913721
1909285
1912275
1911003
1910141
1911781
1911763
1912041
1913425
1908532
1913375
1908542
1913217
1907001
1913108
1912947
1910228
1913044
1906436
1909742
1905976
1908723
1910337
1912430
1905722
1912785
1912168
1904788
1906781
1912528
1878132
1908270
1910403
1903632
1906211
1901770
1906409
1907955
1911002
1905805
1912122
1905448
1911999
1902985
1906982
1910996
1910981
1907884
1910887
1910802
1910785
1904927
1909344
1902467
1903890
1903610
1902024
1898945
1902758
1909574
1909546
1909420
1909411
1908551
1905236
1908363
1907746
1908914
1896670
1903762
1898862
1900497
1906858
1900528
1905669
1893056
1908255
1894578
1900226
1900836
1907543
1893973
1901246
1897628
1897056
1893935
1902235
1906433
1906323
1904230
1904781
1901195
1891967
1906528
1897823
1899160
1890571
1893301
1903017
1905534
1890960
1890370
1905441
1888508
1892660
1891974
1891367
1904716
1904674
1904665
1904328
1904323
1904311
1897201
1904259
1890250
1891239
1883411
1887155
1892164
1903463
1901262
1889507
1902754
1888034
1886011
1890211
1885897
1902512
1902475
1888492
1882403
1880008
1891606
1902289
1882636
1885611
1886376
1882644
1901577
1901465
1901369
1886717
1900502
1877508
1900192
1901050
1887524
1900503
1891827
1880910
1881121
1896337
1899699
1892713
1899302
1883117
1899046
1898829
1888287
1898126
1898511
1870167
1898360
1898352
1870025
1897932
1893996
1878316
1879866
1869732
1869787
1872658
1895004
1897566
1883256
1896847
1896633
1896546
1881141
1896382
1876474
1876328
1877560
1895979
1895978
1892641
1895627
1877240
1883296
1864425
1892241
1895046
1865550
1879820
1894616
1894584
1866450
1869417
1864350
1893744
1893708
1860294
1864548
1893257
1893253
1893202
1893195
1863519
1885827
1863125
1862914
1879926
1873921
1858730
1891831
1860495
1892025
1871939
1891707
1859585
1871029
1860073
1891164
1889752
1883468
1879165
1888764
1856004
1875758
1875757
1872573
1883461
1853937
1852198
1887492
1887957
1884082
1859517
1862330
1850649
1886821
1865553
1886017
1850635
1849648
1871181
1856206
1885736
1862422
1885350
1856006
1735126
1877539
1842011
1866278
1882470
1882880
1843324
1841994
1871942
1867427
1881771
1881637
1858566
1881228
1879892
1837448
1864790
1859101
1851253
1880460
1852108
1839871
1879074
1877749
1834078
1877466
1877260
1854985
1827768
1876406
1833321
1831630
1841282
1876187
1856376
1856336
1874931
1846949
1860284
1864795
1862263
1872888
1872834
1834602
1849943
1845749
1839422
1866798
1871738
1817623
1824587
1831940
1825506
1829745
1818237
1869222
1869153
1823500
1858740
1848041
1861380
1866980
1842738
1866209
1841997
1844438
1814988
1835493
1805801
1863820
1852826
1808546
1863004
1862962
1862575
1862156
1842015
1848617
1807368
1845709
1842058
1828905
1804859
1857959
1856528
1826431
1844076
1855739
1810811
1830725
1842092
1854572
1831930
1788176
1853106
1841380
1852235
1835897
1851256
1850744
1848686
1829055
1842957
1847123
1846734
1846732
1846687
1846640
1826195
1778561
1844555
1844543
1826433
1757099
1834819
1780302
1786901
1823018
1750839
1835061
1753786
1834509
1787044
1794535
1769533
1738423
1808976
1830185
1729538
1798537
1806058
1745565
1827188
1733043
1822289
1822231
1728975
1820575
1794536
1814569
1809588
1695857
1808641
1795317
1765743
1780912
1795202
1677882
1723507
1801067
1799177
1756440
1718276
1793005
1793422
1710731
1784712
1638511
1783561
1669702
1780992
1779977
1748339
1719128
1774481
1635472
1687076
1768247
1764172
1751566
1657171
1708418
1749567
1555147
1660171
1554252
1720858
1736035
1688423
1537424
1604015
1537530
1726087
1728091
1726047
1720238
1711379
1492037
1636725
1554069
1697984
1694467
1688391
1631696
1417413
1665072
1657905
1382040
1655796
1646010
1618518
1616666
1607684
1603056
1260135
1581582
1570530
1418660
1561970
1200447
1133200
1187519
1423061
1124015
1193583
1174161
1125081
