1914567
1919610
1919743
1919296
1918573
1918721
1913619
1895334
1918333
1856912
1722219
1886082
1882732
1884162
1907476
1916318
1915464
1912664
1915438
1915279
1914411
1913641
1906235
1905616
1904919
1911382
1910226
1904965
1897053
1908600
1907769
1908021
1905996
1898928
1905442
1904408
1904946
1904561
1903049
1874502
1896984
1895353
1895082
1895051
1893242
1887693
1863413
1890492
1890106
1890083
1868233
1887399
1867875
1886064
1884173
1884141
1881137
1859764
1878884
1848284
1826635
1870017
1869833
1817714
1808363
1830764
1812028
1793799
1790413
1770867
1839960
1749881
1804020
1749887
1778146
1688739
1749920
1749890
1749879
1806975
1798458
1705997
1749917
1729000
1587552
1293719
