1805153
1920073
1914736
1920150
1919663
1919360
1760142
1876850
1902205
1905369
1885545
1900895
1883617
1896083
1876088
1916949
1918548
1892700
1854832
1889717
1529591
1914572
1917406
1819026
1904113
1843844
1916944
1905399
1881068
1910122
1918173
1918166
1917006
1918043
1917307
1917286
1917109
1917089
1916564
1915787
1915222
1916504
1916369
1913495
1915985
1915870
1915576
1915502
1915336
1915242
1911422
1914085
1909874
1913925
1912474
1907701
1911132
1876430
1912250
1912211
1912153
1911251
1911025
1902309
1905314
1910537
1910531
1910389
1902019
1910045
1898644
1909631
1901094
1904908
1897124
1907869
1896078
1905161
1893156
1905931
1905843
1890896
1901240
1905303
1889108
1904694
1904333
1904304
1898308
1889493
1903582
1882640
1882463
1884985
1902853
1888299
1895300
1884779
1879754
1901803
1877738
1882826
1893170
1873228
1883812
1899025
1898893
1896251
1869369
1867257
1876321
1870839
1895275
1865651
1893267
1870341
1892925
1892611
1892534
1870322
1891998
1868865
1866855
1877051
1890908
1857089
1889334
1869596
1855857
1887699
1856268
1886769
1852330
1855398
1873180
1885390
1874488
1841960
1844266
1852623
1873405
1877821
1876804
1875287
1862981
1873475
1864196
1871378
1816957
1869534
1869148
1841329
1809372
1857682
1866936
1804556
1846118
1820907
1801262
1825950
1861314
1818354
1844730
1797267
1858668
1849848
1837644
1794077
1855965
1795673
1826249
1790148
1822234
1844665
1852594
1773631
1850697
1847894
1809738
1760325
1843373
1837220
1791177
1826140
1809027
1834906
1795665
1738770
1817739
1830545
1770008
1820137
1725144
1785754
1736605
1814570
1734954
1807263
1686343
1808958
1804499
1804225
1769670
1678694
1799167
1795457
1794076
1794078
1745613
1781008
1773816
1773181
1770168
1761467
1747249
1741729
1664365
1731541
1650259
1703755
1693272
1676837
1670378
1669666
1669569
1659318
1638225
1471440
1561948
1193666
1484715
1273720
1455387
996759
