1917416
1914910
1910927
1909365
1903907
1899835
1890915
1882595
1877730
1864232
1833339
1828969
1823353
1793183
1792448
1776152
1759917
1919805
1919794
1919220
1918953
1922471
1922244
1922112
1922032
1922022
1922896
1922870
1922863
1922812
1922799
1922781
1922777
1922758
1922722
1922697
1922696
1922665
1922642
1922615
1922593
1922568
1922536
1921997
1922419
1922418
1922417
1922386
1922342
1922186
1922101
1921138
1921945
1921652
1921855
1921833
1921820
1921252
1921577
1921727
1921713
1921598
1914578
1920159
1920317
1921427
1921421
1921404
1921401
1921394
1918025
1921360
1921250
1921248
1920349
1921233
1919563
1920501
1919138
763948
1919102
1920139
1920115
1920113
1918347
1873355
1293905
1891261
776051
1902963
1720045
1714661
1903567
1914903
1837096
1837087
1910894
1899799
1906318
1910020
1912475
1901778
1898123
1901162
1899779
1920033
1920032
1909513
1898785
1850989
1913756
1914536
1903164
1918260
1853728
1904472
1906621
1909680
1908219
1904970
1300267
1826376
1866607
1917238
1849802
1919809
1701887
1839020
1915687
1848168
1899538
1718667
1889397
1819453
1899530
1899189
1865080
1909337
1879076
1895484
1718666
1685859
1749260
1783330
1881945
1908448
1919769
1891226
1871581
1916030
1829519
1916805
1892445
1896121
1905165
1879265
1888839
1919434
1912279
1840122
1843023
1879638
1915449
1919585
1919578
1810222
1919571
1919462
1840071
1919471
1919427
1919339
1919327
1919311
1919284
1812070
1919179
1919160
1918569
1919057
1919025
1918364
1841121
1918974
1918937
1918872
1918725
1851722
1918442
1917938
1917837
1918518
1917989
1918437
1916044
1918184
1917870
1918066
1918038
1914455
1917904
1917751
1917750
1917685
1917342
1917589
1917571
1917565
1915627
1916371
1917392
1917327
1917322
1917298
1917289
1917263
1915124
1916083
1916842
1916770
1913421
1916696
1916595
1916549
1901318
1915791
1915530
1915561
1915558
1916509
1916501
1915922
1915425
1916156
1916150
1916143
1916095
1916091
1914398
1915089
1915911
1915901
1915897
1914471
1915541
1915440
1910653
1915373
1915367
1914912
1915320
1912181
1915180
1914494
1914985
1909861
1912988
1914709
1914685
1914644
1909169
1914461
1913709
1909136
1914211
1914251
1910222
1914205
1911051
1911122
1908844
1913347
1914102
1914093
1914074
1914071
1914067
1907417
1908946
1913893
1913842
1913424
1910345
1913811
1913720
1907075
1907073
1907002
1906966
1909323
1913328
1909881
1912046
1913479
1913469
1913453
1913415
1910214
1907082
1911222
1913236
1912521
1906854
1912767
1909736
1908366
1908385
1909749
1909444
1903604
1910247
1904893
1912822
1912769
1906829
1912726
1912703
1912696
1901173
1912560
1909904
1906221
1912448
1908433
1906488
1906389
1908139
1912169
1902991
1907703
1901781
1899120
1911974
1912102
1912083
1911518
1911810
1901041
1910638
1911348
1911336
1911324
1911322
1901860
1911290
1906203
1901841
1911107
1911019
1911018
1910819
1910712
1910681
1902984
1904371
1902896
1909456
1907563
1910394
1910359
1902742
1901968
1903854
1903849
1899392
1903740
1897435
1908696
1898264
1908717
1901331
1909879
1909858
1903585
1909829
1909697
1909692
1909545
1909554
1896566
1898485
1900488
1580051
1909246
1896193
1902955
1895799
1896480
1909043
1899583
1908912
1894128
1908449
1900718
1899045
1902460
1905820
1897560
1907079
1907946
1899791
1907793
1907770
1907584
1907574
1899983
1895896
1907352
1895100
1892632
1896936
1891953
1894519
1894657
1894602
1906877
1891489
1898487
1906825
1901193
1906586
1906570
1906546
1904010
1906511
1906507
1906198
1889277
1906078
1905901
1894582
1905879
1905877
1905811
1893136
1892252
1893696
1905585
1905554
1890255
1904019
1905258
1888869
1901275
1894522
1898870
1905078
1905073
1904682
1889086
1897376
1895043
1891825
1904348
1904329
1904295
1903597
1898486
1903596
1889758
1883260
1879821
1903494
1880757
1886685
1879813
1903078
1903067
1893218
1884648
1897541
1899406
1881083
1890928
1902510
1897870
1887703
1879053
1902057
1885596
1886623
1896671
1876096
1901652
1901565
1901562
1901554
1879651
1879885
1878424
1891787
1881142
1900538
1900834
1900729
1885224
1900614
1900610
1899050
1886224
1886770
1894288
1900188
1880760
1876308
1897016
1899952
1899932
1878048
1876644
1899457
1899282
1886125
1899047
1875169
1871268
1896243
1891408
1878756
1898392
1898389
1886888
1887954
1897801
1897640
1886874
1897503
1897288
1886412
1877984
1865587
1892953
1886778
1880881
1896421
1896417
1896413
1896371
1864207
1872443
1896289
1896190
1875801
1866727
1895704
1895684
1895674
1876035
1864707
1895303
1885197
1895064
1871682
1894411
1889953
1871905
1888356
1881961
1892011
1867713
1892922
1866311
1893750
1890259
1893249
1893226
1868345
1889549
1878075
1876742
1878831
1892929
1892914
1892893
1887707
1891835
1886844
1857377
1874227
1885835
1861504
1891062
1869218
1863143
1890501
1883320
1863516
1878947
1889967
1852531
1889160
1882704
1886406
1888327
1849930
1878059
1888184
1888176
1873606
1861129
1887330
1846844
1886792
1866215
1886390
1862564
1866481
1885678
1846166
1886087
1886078
1845354
1879630
1871725
1885686
1885638
1867981
1884753
1858689
1842241
1840034
1871166
1849296
1871852
1881061
1881624
1879624
1879588
1848531
1838111
1874957
1860506
1856828
1836772
1860153
1833338
1879055
1878731
1842262
1873122
1844016
1844014
1862339
1868747
1877905
1868840
1832086
1835482
1876783
1869971
1841987
1869807
1876203
1856441
1875815
1869126
1828906
1875313
1875273
1875272
1850281
1875254
1823607
1874660
1874617
1874526
1833934
1842884
1826611
1823724
1864588
1861154
1828549
1851684
1873624
1873109
1860557
1872958
1816560
1829216
1849068
1825533
1867621
1838394
1851838
1822091
1865409
1855933
1864962
1869815
1824053
1819993
1813822
1830899
1811275
1840104
1811725
1841495
1841385
1868385
1868077
1868061
1820716
1857681
1866240
1813807
1866388
1866353
1857064
1865963
1632816
1835490
1843526
1865469
1864769
1854175
1858075
1863501
1854377
1796906
1862974
1815773
1862850
1799016
1810940
1862221
1861961
1842021
1842004
1845769
1861544
1795435
1861020
1860941
1860198
1807490
1807432
1859145
1859025
1788594
1857830
1857678
1857105
1856164
1833136
1805554
1842097
1826290
1854366
1780928
1787582
1785831
1782987
1781789
1849969
1803574
1769631
1778628
1846362
1846111
1845458
1757884
1844051
1844048
1842510
1842422
1816365
1841922
1841919
1839026
1839970
1839617
1837835
1759898
1761283
1767681
1837655
1837277
1785048
1836240
1834465
1779988
1833800
1834205
1833763
1740178
1800572
1795502
1830583
1799513
1749875
1828262
1827842
1762131
1741029
1756015
1824913
1824619
1823602
1751615
1719977
1822245
1753919
1712476
1723072
1810076
1765917
1815285
1818244
1817470
1761021
1815617
1726786
1771334
1803006
1795116
1814823
1693572
1803430
1727050
1752297
1705152
1800297
1776326
1799848
1809623
1685971
1808926
1808600
1692222
1755334
1803329
1798276
1802827
1802822
1800513
1799718
1706451
1798338
1697996
1790024
1688270
1709264
1670447
1722771
1795194
1662477
1665455
1793010
1648704
1718652
1762291
1650109
1790805
1790728
1790687
1650749
1790196
1789904
1751322
1785977
1749876
1784375
1782877
1628156
1739705
1739695
1739694
1739692
1739686
1768125
1779969
1777576
1626698
1673968
1719795
1775643
1664704
1772833
1772827
1771691
1771675
1771645
1769119
1768491
1669618
1766308
1764139
1587048
1583497
1759607
1759565
1755011
1755005
1754589
1667007
1717118
1598701
1749902
1659859
1748472
1746846
1747643
1747305
1693571
1745752
1679300
1741018
1731518
1662521
1547956
1736487
1553784
1733486
1732504
1732102
1660464
1580374
1577483
1525617
1609202
1724280
1723788
1722434
1720668
1720648
1711372
1717374
1713794
1711988
1710444
1664108
1708929
1707862
1706809
1568049
1475058
1697988
1467675
1610754
1685153
1673246
1681826
1681759
1431857
1680032
1673605
1671435
1660662
1664366
1660881
1662489
1660381
1656587
1656214
1653901
1653534
1633916
1630544
1626761
1621021
1620979
1618492
1606321
1599390
1249654
1590917
1548437
1233879
1445701
1570665
1540422
1516441
1555117
1376445
